100
19.2400000000 51.8300000000
12.6100000000 59.7000000000
56.3200000000 67.4800000000
98.0600000000 60.8700000000
94.1400000000 38.5000000000
20.9100000000 21.9500000000
33.9100000000 82.8000000000
2.2400000000 0.7000000000
88.7000000000 2.7200000000
47.0300000000 92.3600000000
89.5800000000 47.5600000000
73.0400000000 18.2900000000
31.5300000000 22.1800000000
94.4800000000 33.6700000000
35.8500000000 36.4000000000
25.4100000000 4.9000000000
74.8900000000 83.1700000000
48.0000000000 51.8200000000
97.3400000000 54.5500000000
50.1900000000 87.8800000000
59.6700000000 95.8100000000
42.8000000000 45.0200000000
29.5100000000 39.9900000000
57.1400000000 11.6400000000
47.0100000000 2.8400000000
49.7400000000 95.4000000000
27.6700000000 46.8700000000
84.5700000000 71.3300000000
95.2600000000 59.6800000000
76.5500000000 11.6000000000
53.7000000000 38.2400000000
18.2100000000 1.5600000000
13.4800000000 56.2300000000
45.0400000000 13.3300000000
60.9500000000 99.0600000000
10.8600000000 89.4200000000
19.0900000000 34.6500000000
22.2000000000 12.0100000000
2.7500000000 12.3500000000
46.0900000000 42.8200000000
87.8100000000 43.4900000000
62.0000000000 54.4300000000
58.5300000000 75.5400000000
7.0700000000 9.7600000000
40.0400000000 55.9200000000
36.3600000000 57.6700000000
89.5100000000 62.4900000000
69.2500000000 88.6000000000
67.2700000000 29.7900000000
28.6100000000 68.8200000000
24.1600000000 66.7600000000
42.0000000000 32.3600000000
87.4800000000 47.2000000000
58.4000000000 82.2800000000
31.2300000000 43.6600000000
92.4600000000 30.4000000000
38.2900000000 51.5400000000
28.2200000000 39.9100000000
86.3900000000 96.0200000000
11.1500000000 19.3500000000
75.7100000000 83.2500000000
29.4200000000 78.5900000000
41.1900000000 85.7700000000
47.6000000000 34.6700000000
62.2600000000 10.6500000000
28.0600000000 63.6000000000
87.6400000000 59.6800000000
39.2900000000 20.6300000000
56.1500000000 21.5900000000
18.1500000000 82.1800000000
3.3100000000 21.6200000000
62.7400000000 88.6100000000
57.4700000000 33.7900000000
7.9300000000 30.1400000000
92.9300000000 68.4300000000
42.6600000000 56.4900000000
29.4300000000 6.6000000000
54.8600000000 70.5600000000
9.9500000000 25.1700000000
9.4000000000 9.8500000000
54.1800000000 18.7900000000
76.8100000000 59.7100000000
51.2000000000 58.3700000000
4.9100000000 22.6200000000
71.4300000000 23.3300000000
47.0700000000 65.4500000000
69.8500000000 92.1100000000
27.9300000000 21.9200000000
74.2400000000 61.4800000000
69.0200000000 77.6900000000
17.1500000000 69.0600000000
62.5200000000 37.1000000000
64.7300000000 18.8400000000
77.4200000000 78.6900000000
12.2000000000 40.5500000000
96.7500000000 95.1700000000
10.3500000000 87.6300000000
53.7600000000 78.1300000000
26.1400000000 82.4300000000
29.2200000000 7.8400000000
