1 1 0
1 2 1593
1 3 569
1 4 2056
1 5 1327
1 6 1009
1 7 947
1 8 301
1 9 234
1 10 1800
1 11 625
1 12 700
1 13 754
1 14 790
1 15 529
1 16 395
1 17 1385
1 18 856
1 19 1179
1 20 821
1 21 1085
1 22 385
1 23 730
1 24 1808
1 25 915
1 26 2076
1 27 1120
1 28 1002
1 29 1297
1 30 1026
1 31 592
1 32 1448
1 33 694
1 34 743
1 35 2254
1 36 880
1 37 1137
1 38 330
1 39 1121
1 40 449
1 41 786
1 42 1594
1 43 1264
1 44 755
1 45 2354
1 46 593
1 47 849
1 48 1216
2 1 1619
2 2 0
2 3 1191
2 4 656
2 5 595
2 6 2304
2 7 2128
2 8 1797
2 9 1674
2 10 834
2 11 1348
2 12 1620
2 13 1183
2 14 1050
2 15 1629
2 16 1339
2 17 2444
2 18 2039
2 19 2350
2 20 1646
2 21 1334
2 22 1322
2 23 1167
2 24 1079
2 25 1182
2 26 624
2 27 2307
2 28 2171
2 29 478
2 30 2272
2 31 1923
2 32 1192
2 33 1837
2 34 982
2 35 1060
2 36 2132
2 37 2312
2 38 1884
2 39 1047
2 40 1513
2 41 1051
2 42 550
2 43 2287
2 44 2125
2 45 1123
2 46 1765
2 47 1388
2 48 718
3 1 528
3 2 1297
3 3 0
3 4 1682
3 5 809
3 6 1309
3 7 1170
3 8 624
3 9 506
3 10 1445
3 11 526
3 12 488
3 13 561
3 14 402
3 15 610
3 16 429
3 17 1510
3 18 1072
3 19 1419
3 20 882
3 21 801
3 22 250
3 23 401
3 24 1351
3 25 485
3 26 1579
3 27 1436
3 28 1194
3 29 898
3 30 1194
3 31 816
3 32 1054
3 33 728
3 34 471
3 35 1828
3 36 1000
3 37 1276
3 38 837
3 39 898
3 40 465
3 41 459
3 42 1183
3 43 1314
3 44 989
3 45 1876
3 46 708
3 47 620
3 48 968
4 1 2097
4 2 723
4 3 1781
4 4 0
4 5 996
4 6 2674
4 7 2595
4 8 2360
4 9 2236
4 10 501
4 11 1846
4 12 2061
4 13 1616
4 14 1580
4 15 2108
4 16 1884
4 17 2678
4 18 2590
4 19 2635
4 20 2068
4 21 1584
4 22 1847
4 23 1638
4 24 930
4 25 1328
4 26 187
4 27 2635
4 28 2582
4 29 948
4 30 2669
4 31 2421
4 32 1197
4 33 2183
4 34 1506
4 35 620
4 36 2438
4 37 2782
4 38 2337
4 39 1328
4 40 1959
4 41 1513
4 42 680
4 43 2603
4 44 2497
4 45 648
4 46 2142
4 47 1827
4 48 1058
5 1 1310
5 2 680
5 3 780
5 4 1023
5 5 0
5 6 1690
5 7 1754
5 8 1424
5 9 1279
5 10 787
5 11 900
5 12 1153
5 13 759
5 14 612
5 15 1201
5 16 1098
5 17 1918
5 18 1682
5 19 1858
5 20 1148
5 21 876
5 22 975
5 23 761
5 24 759
5 25 639
5 26 820
5 27 1759
5 28 1651
5 29 417
5 30 1694
5 31 1459
5 32 718
5 33 1292
5 34 566
5 35 1005
5 36 1632
5 37 1870
5 38 1540
5 39 493
5 40 1131
5 41 954
5 42 496
5 43 1760
5 44 1629
5 45 1144
5 46 1306
5 47 886
5 48 295
6 1 1156
6 2 2218
6 3 1336
6 4 2687
6 5 1745
6 6 0
6 7 358
6 8 1020
6 9 964
6 10 2253
6 11 998
6 12 774
6 13 1089
6 14 1369
6 15 692
6 16 1349
6 17 364
6 18 339
6 19 249
6 20 801
6 21 1187
6 22 1286
6 23 1135
6 24 2157
6 25 1442
6 26 2473
6 27 276
6 28 303
6 29 1881
6 30 258
6 31 681
6 32 1588
6 33 708
6 34 1488
6 35 2624
6 36 391
6 37 254
6 38 704
6 39 1508
6 40 879
6 41 1636
6 42 2165
6 43 300
6 44 429
6 45 2588
6 46 668
6 47 1014
6 48 1735
7 1 827
7 2 2103
7 3 1085
7 4 2504
7 5 1692
7 6 258
7 7 0
7 8 972
7 9 759
7 10 2236
7 11 834
7 12 724
7 13 970
7 14 1102
7 15 604
7 16 1227
7 17 535
7 18 54
7 19 493
7 20 551
7 21 1165
7 22 1066
7 23 974
7 24 1908
7 25 1239
7 26 2379
7 27 508
7 28 124
7 29 1677
7 30 311
7 31 386
7 32 1483
7 33 590
7 34 1382
7 35 2444
7 36 204
7 37 391
7 38 614
7 39 1437
7 40 820
7 41 1410
7 42 2049
7 43 471
7 44 245
7 45 2595
7 46 386
7 47 858
7 48 1615
8 1 190
8 2 1684
8 3 698
8 4 2274
8 5 1395
8 6 1116
8 7 792
8 8 0
8 9 387
8 10 2016
8 11 797
8 12 691
8 13 984
8 14 1055
8 15 677
8 16 445
8 17 1348
8 18 868
8 19 1148
8 20 936
8 21 1246
8 22 404
8 23 816
8 24 1965
8 25 1191
8 26 2206
8 27 1272
8 28 1050
8 29 1323
8 30 1057
8 31 505
8 32 1607
8 33 839
8 34 890
8 35 2379
8 36 972
8 37 1098
8 38 327
8 39 1471
8 40 545
8 41 973
8 42 1756
8 43 1200
8 44 786
8 45 2415
8 46 616
8 47 920
8 48 1552
9 1 217
9 2 1673
9 3 526
9 4 2144
9 5 1366
9 6 1009
9 7 796
9 8 413
9 9 0
9 10 1941
9 11 696
9 12 570
9 13 899
9 14 793
9 15 452
9 16 515
9 17 1094
9 18 619
9 19 1003
9 20 758
9 21 937
9 22 524
9 23 615
9 24 1760
9 25 1020
9 26 2103
9 27 1133
9 28 749
9 29 1323
9 30 900
9 31 465
9 32 1379
9 33 477
9 34 762
9 35 2222
9 36 632
9 37 1020
9 38 317
9 39 1178
9 40 247
9 41 908
9 42 1609
9 43 1140
9 44 473
9 45 2205
9 46 392
9 47 824
9 48 1237
10 1 1892
10 2 856
10 3 1591
10 4 636
10 5 780
10 6 2323
10 7 2205
10 8 2133
10 9 2014
10 10 0
10 11 1544
10 12 1649
10 13 1258
10 14 1170
10 15 1709
10 16 1716
10 17 2377
10 18 2141
10 19 2443
10 20 1629
10 21 1320
10 22 1686
10 23 1395
10 24 378
10 25 1015
10 26 383
10 27 2367
10 28 2191
10 29 833
10 30 2283
10 31 2062
10 32 800
10 33 1897
10 34 1257
10 35 448
10 36 2138
10 37 2287
10 38 2109
10 39 803
10 40 1810
10 41 1520
10 42 415
10 43 2270
10 44 2119
10 45 478
10 46 1932
10 47 1486
10 48 706
11 1 660
11 2 1316
11 3 535
11 4 1817
11 5 893
11 6 1084
11 7 780
11 8 764
11 9 592
11 10 1407
11 11 0
11 12 323
11 13 304
11 14 464
11 15 344
11 16 787
11 17 1129
11 18 839
11 19 1180
11 20 507
11 21 450
11 22 669
11 23 189
11 24 1400
11 25 416
11 26 1760
11 27 992
11 28 905
11 29 963
11 30 975
11 31 745
11 32 890
11 33 503
11 34 643
11 35 1901
11 36 829
11 37 1118
11 38 775
11 39 749
11 40 403
11 41 986
11 42 1343
11 43 1039
11 44 813
11 45 1921
11 46 564
11 47 418
11 48 853
12 1 673
12 2 1626
12 3 580
12 4 1892
12 5 1168
12 6 829
12 7 719
12 8 745
12 9 438
12 10 1582
12 11 366
12 12 0
12 13 537
12 14 648
12 15 217
12 16 787
12 17 1031
12 18 541
12 19 896
12 20 370
12 21 568
12 22 609
12 23 434
12 24 1536
12 25 589
12 26 1928
12 27 807
12 28 792
12 29 1282
12 30 790
12 31 677
12 32 930
12 33 214
12 34 705
12 35 1993
12 36 690
12 37 926
12 38 561
12 39 936
12 40 442
12 41 987
12 42 1422
12 43 772
12 44 547
12 45 1895
12 46 410
12 47 343
12 48 1015
13 1 786
13 2 1289
13 3 570
13 4 1603
13 5 682
13 6 1203
13 7 1059
13 8 956
13 9 885
13 10 1353
13 11 297
13 12 547
13 13 0
13 14 328
13 15 632
13 16 937
13 17 1377
13 18 1023
13 19 1316
13 20 495
13 21 332
13 22 849
13 23 227
13 24 1130
13 25 254
13 26 1474
13 27 1322
13 28 1106
13 29 933
13 30 1097
13 31 955
13 32 530
13 33 617
13 34 535
13 35 1634
13 36 949
13 37 1254
13 38 884
13 39 521
13 40 702
13 41 891
13 42 1051
13 43 1127
13 44 1096
13 45 1568
13 46 844
13 47 326
13 48 758
14 1 776
14 2 1066
14 3 499
14 4 1584
14 5 536
14 6 1245
14 7 1106
14 8 1016
14 9 913
14 10 1157
14 11 331
14 12 690
14 13 236
14 14 0
14 15 746
14 16 720
14 17 1414
14 18 1137
14 19 1420
14 20 747
14 21 457
14 22 711
14 23 234
14 24 1016
14 25 211
14 26 1370
14 27 1479
14 28 1144
14 29 617
14 30 1341
14 31 1115
14 32 761
14 33 697
14 34 443
14 35 1549
14 36 1172
14 37 1452
14 38 939
14 39 461
14 40 555
14 41 768
14 42 949
14 43 1319
14 44 1135
14 45 1589
14 46 791
14 47 555
14 48 566
15 1 434
15 2 1750
15 3 629
15 4 2111
15 5 1152
15 6 812
15 7 635
15 8 592
15 9 499
15 10 1693
15 11 299
15 12 220
15 13 686
15 14 769
15 15 0
15 16 837
15 17 1005
15 18 609
15 19 839
15 20 473
15 21 664
15 22 664
15 23 440
15 24 1510
15 25 773
15 26 2009
15 27 952
15 28 567
15 29 1243
15 30 788
15 31 531
15 32 1137
15 33 228
15 34 918
15 35 2134
15 36 466
15 37 902
15 38 500
15 39 1012
15 40 333
15 41 916
15 42 1638
15 43 889
15 44 435
15 45 2012
15 46 373
15 47 519
15 48 1160
16 1 430
16 2 1369
16 3 449
16 4 1956
16 5 1178
16 6 1364
16 7 1169
16 8 534
16 9 490
16 10 1736
16 11 747
16 12 829
16 13 850
16 14 721
16 15 832
16 16 0
16 17 1524
16 18 1019
16 19 1405
16 20 1055
16 21 1018
16 22 221
16 23 649
16 24 1586
16 25 854
16 26 1849
16 27 1420
16 28 1180
16 29 1082
16 30 1460
16 31 920
16 32 1405
16 33 886
16 34 659
16 35 2137
16 36 1144
16 37 1366
16 38 685
16 39 1164
16 40 621
16 41 512
16 42 1489
16 43 1507
16 44 1040
16 45 2047
16 46 848
16 47 988
16 48 1247
17 1 1295
17 2 2527
17 3 1426
17 4 2755
17 5 1976
17 6 340
17 7 497
17 8 1247
17 9 1189
17 10 2385
17 11 1187
17 12 918
17 13 1228
17 14 1425
17 15 1065
17 16 1531
17 17 0
17 18 659
17 19 233
17 20 866
17 21 1323
17 22 1565
17 23 1347
17 24 2089
17 25 1544
17 26 2637
17 27 126
17 28 545
17 29 2079
17 30 346
17 31 772
17 32 1567
17 33 751
17 34 1683
17 35 2693
17 36 613
17 37 274
17 38 1026
17 39 1535
17 40 1207
17 41 1826
17 42 2313
17 43 171
17 44 795
17 45 2715
17 46 822
17 47 1033
17 48 1946
18 1 851
18 2 2101
18 3 1064
18 4 2399
18 5 1615
18 6 452
18 7 196
18 8 834
18 9 668
18 10 2196
18 11 775
18 12 586
18 13 1078
18 14 1175
18 15 512
18 16 1028
18 17 645
18 18 0
18 19 513
18 20 509
18 21 1136
18 22 909
18 23 1009
18 24 1929
18 25 1194
18 26 2379
18 27 419
18 28 165
18 29 1787
18 30 323
18 31 377
18 32 1412
18 33 467
18 34 1184
18 35 2407
18 36 118
18 37 370
18 38 608
18 39 1422
18 40 609
18 41 1362
18 42 2042
18 43 507
18 44 269
18 45 2516
18 46 311
18 47 838
18 48 1685
19 1 1210
19 2 2372
19 3 1385
19 4 2679
19 5 1919
19 6 125
19 7 516
19 8 1170
19 9 1001
19 10 2442
19 11 1102
19 12 873
19 13 1280
19 14 1418
19 15 955
19 16 1398
19 17 269
19 18 524
19 19 0
19 20 759
19 21 1146
19 22 1399
19 23 1311
19 24 2170
19 25 1428
19 26 2617
19 27 79
19 28 287
19 29 2039
19 30 310
19 31 680
19 32 1564
19 33 664
19 34 1553
19 35 2738
19 36 407
19 37 99
19 38 894
19 39 1569
19 40 1003
19 41 1787
19 42 2101
19 43 329
19 44 655
19 45 2629
19 46 808
19 47 934
19 48 1871
20 1 723
20 2 1779
20 3 819
20 4 2056
20 5 1170
20 6 726
20 7 592
20 8 967
20 9 815
20 10 1664
20 11 406
20 12 377
20 13 543
20 14 649
20 15 370
20 16 1104
20 17 750
20 18 631
20 19 866
20 20 0
20 21 499
20 22 841
20 23 652
20 24 1371
20 25 782
20 26 1895
20 27 694
20 28 658
20 29 1243
20 30 682
20 31 724
20 32 937
20 33 213
20 34 1047
20 35 2019
20 36 544
20 37 735
20 38 791
20 39 814
20 40 500
20 41 1189
20 42 1511
20 43 799
20 44 550
20 45 1948
20 46 438
20 47 262
20 48 1047
21 1 1005
21 2 1475
21 3 840
21 4 1600
21 5 715
21 6 1188
21 7 1122
21 8 1256
21 9 970
21 10 1208
21 11 508
21 12 618
21 13 304
21 14 615
21 15 716
21 16 999
21 17 1175
21 18 1107
21 19 1206
21 20 542
21 21 0
21 22 984
21 23 461
21 24 1106
21 25 460
21 26 1480
21 27 1125
21 28 1128
21 29 1115
21 30 1054
21 31 1132
21 32 571
21 33 755
21 34 708
21 35 1546
21 36 1033
21 37 1198
21 38 987
21 39 545
21 40 798
21 41 1228
21 42 1161
21 43 1075
21 44 1037
21 45 1506
21 46 876
21 47 346
21 48 791
22 1 404
22 2 1421
22 3 317
22 4 1918
22 5 1059
22 6 1275
22 7 1025
22 8 420
22 9 534
22 10 1663
22 11 616
22 12 660
22 13 745
22 14 742
22 15 683
22 16 328
22 17 1491
22 18 904
22 19 1452
22 20 882
22 21 921
22 22 0
22 23 559
22 24 1624
22 25 718
22 26 1903
22 27 1280
22 28 1053
22 29 978
22 30 1282
22 31 710
22 32 1140
22 33 809
22 34 557
22 35 2124
22 36 984
22 37 1278
22 38 702
22 39 1022
22 40 491
22 41 558
22 42 1414
22 43 1335
22 44 949
22 45 2111
22 46 695
22 47 791
22 48 1189
23 1 546
23 2 1189
23 3 345
23 4 1638
23 5 718
23 6 1246
23 7 1034
23 8 781
23 9 682
23 10 1314
23 11 251
23 12 504
23 13 225
23 14 264
23 15 593
23 16 685
23 17 1412
23 18 863
23 19 1312
23 20 570
23 21 521
23 22 614
23 23 0
23 24 1221
23 25 414
23 26 1559
23 27 1246
23 28 970
23 29 860
23 30 1134
23 31 868
23 32 724
23 33 662
23 34 436
23 35 1807
23 36 986
23 37 1162
23 38 706
23 39 620
23 40 469
23 41 665
23 42 1181
23 43 1090
23 44 930
23 45 1741
23 46 586
23 47 412
23 48 770
24 1 1695
24 2 962
24 3 1414
24 4 866
24 5 621
24 6 1982
24 7 1923
24 8 1990
24 9 1749
24 10 352
24 11 1256
24 12 1480
24 13 1015
24 14 1106
24 15 1502
24 16 1646
24 17 2199
24 18 1954
24 19 2105
24 20 1419
24 21 1063
24 22 1542
24 23 1227
24 24 0
24 25 875
24 26 798
24 27 2153
24 28 1991
24 29 950
24 30 1929
24 31 1892
24 32 683
24 33 1620
24 34 1115
24 35 725
24 36 1886
24 37 2083
24 38 1857
24 39 766
24 40 1520
24 41 1554
24 42 459
24 43 2052
24 44 2040
24 45 646
24 46 1834
24 47 1330
24 48 537
25 1 952
25 2 1029
25 3 537
25 4 1441
25 5 451
25 6 1411
25 7 1250
25 8 1051
25 9 833
25 10 1110
25 11 524
25 12 581
25 13 184
25 14 228
25 15 691
25 16 923
25 17 1568
25 18 1237
25 19 1419
25 20 765
25 21 423
25 22 873
25 23 429
25 24 1023
25 25 0
25 26 1310
25 27 1350
25 28 1283
25 29 719
25 30 1235
25 31 1158
25 32 538
25 33 901
25 34 518
25 35 1452
25 36 1060
25 37 1373
25 38 1166
25 39 461
25 40 645
25 41 851
25 42 966
25 43 1332
25 44 1218
25 45 1365
25 46 945
25 47 553
25 48 568
26 1 2061
26 2 722
26 3 1713
26 4 298
26 5 813
26 6 2633
26 7 2414
26 8 2254
26 9 2162
26 10 487
26 11 1606
26 12 1867
26 13 1419
26 14 1350
26 15 1900
26 16 1728
26 17 2730
26 18 2455
26 19 2548
26 20 1965
26 21 1542
26 22 1732
26 23 1654
26 24 755
26 25 1299
26 26 0
26 27 2571
26 28 2564
26 29 831
26 30 2422
26 31 2357
26 32 1210
26 33 2057
26 34 1254
26 35 464
26 36 2359
26 37 2669
26 38 2163
26 39 1071
26 40 1856
26 41 1577
26 42 497
26 43 2540
26 44 2371
26 45 714
26 46 2232
26 47 1643
26 48 952
27 1 1173
27 2 2364
27 3 1322
27 4 2759
27 5 1912
27 6 246
27 7 530
27 8 1243
27 9 1011
27 10 2335
27 11 1125
27 12 907
27 13 1166
27 14 1454
27 15 860
27 16 1547
27 17 298
27 18 463
27 19 75
27 20 661
27 21 1197
27 22 1362
27 23 1227
27 24 2108
27 25 1302
27 26 2550
27 27 0
27 28 381
27 29 2018
27 30 248
27 31 661
27 32 1602
27 33 780
27 34 1547
27 35 2606
27 36 420
27 37 191
27 38 880
27 39 1573
27 40 1000
27 41 1781
27 42 2079
27 43 174
27 44 619
27 45 2648
27 46 753
27 47 963
27 48 1735
28 1 872
28 2 2158
28 3 1106
28 4 2574
28 5 1739
28 6 273
28 7 278
28 8 943
28 9 833
28 10 2234
28 11 799
28 12 677
28 13 1120
28 14 1245
28 15 559
28 16 1161
28 17 484
28 18 163
28 19 337
28 20 574
28 21 1169
28 22 1163
28 23 970
28 24 2001
28 25 1196
28 26 2375
28 27 300
28 28 0
28 29 1849
28 30 265
28 31 508
28 32 1383
28 33 470
28 34 1421
28 35 2587
28 36 298
28 37 224
28 38 586
28 39 1380
28 40 880
28 41 1471
28 42 2064
28 43 358
28 44 421
28 45 2425
28 46 553
28 47 898
28 48 1601
29 1 1284
29 2 503
29 3 875
29 4 979
29 5 375
29 6 1874
29 7 1736
29 8 1429
29 9 1243
29 10 911
29 11 1052
29 12 1170
29 13 836
29 14 658
29 15 1334
29 16 1037
29 17 1998
29 18 1731
29 19 2002
29 20 1427
29 21 1041
29 22 1120
29 23 857
29 24 969
29 25 674
29 26 971
29 27 1966
29 28 1800
29 29 0
29 30 1785
29 31 1630
29 32 936
29 33 1323
29 34 562
29 35 1243
29 36 1670
29 37 2000
29 38 1464
29 39 791
29 40 1188
29 41 747
29 42 482
29 43 2009
29 44 1704
29 45 1232
29 46 1380
29 47 1060
29 48 565
30 1 1099
30 2 2354
30 3 1305
30 4 2528
30 5 1734
30 6 138
30 7 418
30 8 1078
30 9 934
30 10 2189
30 11 1030
30 12 752
30 13 1046
30 14 1218
30 15 717
30 16 1360
30 17 411
30 18 417
30 19 261
30 20 556
30 21 1122
30 22 1145
30 23 1085
30 24 1986
30 25 1225
30 26 2534
30 27 255
30 28 247
30 29 1956
30 30 0
30 31 596
30 32 1445
30 33 581
30 34 1540
30 35 2501
30 36 244
30 37 146
30 38 896
30 39 1491
30 40 946
30 41 1677
30 42 2102
30 43 263
30 44 483
30 45 2439
30 46 674
30 47 965
30 48 1749
31 1 672
31 2 1921
31 3 948
31 4 2388
31 5 1537
31 6 594
31 7 394
31 8 495
31 9 425
31 10 2053
31 11 849
31 12 589
31 13 973
31 14 1137
31 15 388
31 16 847
31 17 886
31 18 350
31 19 613
31 20 693
31 21 1076
31 22 778
31 23 791
31 24 1943
31 25 1066
31 26 2367
31 27 690
31 28 390
31 29 1561
31 30 612
31 31 0
31 32 1467
31 33 530
31 34 1124
31 35 2558
31 36 369
31 37 690
31 38 287
31 39 1441
31 40 455
31 41 1363
31 42 1989
31 43 709
31 44 283
31 45 2489
31 46 373
31 47 800
31 48 1504
32 1 1387
32 2 1277
32 3 1020
32 4 1219
32 5 545
32 6 1467
32 7 1455
32 8 1553
32 9 1281
32 10 883
32 11 765
32 12 950
32 13 675
32 14 770
32 15 1139
32 16 1245
32 17 1543
32 18 1437
32 19 1541
32 20 853
32 21 570
32 22 1325
32 23 824
32 24 534
32 25 657
32 26 1287
32 27 1625
32 28 1490
32 29 863
32 30 1468
32 31 1542
32 32 0
32 33 1015
32 34 891
32 35 1183
32 36 1448
32 37 1554
32 38 1406
32 39 266
32 40 1142
32 41 1162
32 42 765
32 43 1435
32 44 1465
32 45 1175
32 46 1278
32 47 700
32 48 632
33 1 747
33 2 1668
33 3 719
33 4 2159
33 5 1183
33 6 633
33 7 500
33 8 722
33 9 525
33 10 1896
33 11 400
33 12 251
33 13 636
33 14 742
33 15 322
33 16 812
33 17 931
33 18 385
33 19 692
33 20 236
33 21 727
33 22 855
33 23 678
33 24 1643
33 25 847
33 26 1988
33 27 774
33 28 490
33 29 1324
33 30 685
33 31 411
33 32 1093
33 33 0
33 34 1028
33 35 2141
33 36 469
33 37 655
33 38 532
33 39 1049
33 40 427
33 41 1228
33 42 1649
33 43 725
33 44 424
33 45 2064
33 46 190
33 47 462
33 48 1251
34 1 702
34 2 1023
34 3 383
34 4 1383
34 5 644
34 6 1420
34 7 1272
34 8 914
34 9 824
34 10 1280
34 11 575
34 12 723
34 13 604
34 14 352
34 15 820
34 16 695
34 17 1665
34 18 1366
34 19 1642
34 20 867
34 21 806
34 22 648
34 23 542
34 24 1173
34 25 567
34 26 1316
34 27 1504
34 28 1408
34 29 601
34 30 1556
34 31 1093
34 32 826
34 33 937
34 34 0
34 35 1521
34 36 1187
34 37 1466
34 38 964
34 39 764
34 40 617
34 41 399
34 42 1000
34 43 1492
34 44 1147
34 45 1647
34 46 980
34 47 701
34 48 554
35 1 2318
35 2 1080
35 3 1876
35 4 516
35 5 1131
35 6 2587
35 7 2633
35 8 2328
35 9 2298
35 10 516
35 11 1836
35 12 2047
35 13 1595
35 14 1561
35 15 2094
35 16 2137
35 17 2690
35 18 2509
35 19 2644
35 20 1942
35 21 1545
35 22 1967
35 23 1716
35 24 700
35 25 1385
35 26 594
35 27 2612
35 28 2552
35 29 1137
35 30 2467
35 31 2474
35 32 1260
35 33 2162
35 34 1513
35 35 0
35 36 2468
35 37 2699
35 38 2387
35 39 1201
35 40 2007
35 41 1886
35 42 661
35 43 2545
35 44 2527
35 45 285
35 46 2358
35 47 1796
35 48 954
36 1 789
36 2 2177
36 3 966
36 4 2481
36 5 1629
36 6 411
36 7 179
36 8 930
36 9 754
36 10 2061
36 11 841
36 12 687
36 13 957
36 14 1116
36 15 621
36 16 1236
36 17 636
36 18 263
36 19 374
36 20 506
36 21 985
36 22 1055
36 23 927
36 24 1804
36 25 1104
36 26 2429
36 27 390
36 28 232
36 29 1693
36 30 296
36 31 499
36 32 1359
36 33 448
36 34 1361
36 35 2370
36 36 0
36 37 353
36 38 488
36 39 1394
36 40 800
36 41 1428
36 42 1896
36 43 532
36 44 217
36 45 2479
36 46 423
36 47 825
36 48 1536
37 1 1154
37 2 2403
37 3 1241
37 4 2712
37 5 1817
37 6 176
37 7 340
37 8 1199
37 9 1014
37 10 2320
37 11 1146
37 12 874
37 13 1232
37 14 1392
37 15 791
37 16 1398
37 17 350
37 18 419
37 19 151
37 20 739
37 21 1116
37 22 1282
37 23 1204
37 24 2209
37 25 1436
37 26 2570
37 27 289
37 28 240
37 29 1959
37 30 237
37 31 591
37 32 1666
37 33 726
37 34 1490
37 35 2732
37 36 312
37 37 0
37 38 855
37 39 1610
37 40 1063
37 41 1665
37 42 2126
37 43 207
37 44 600
37 45 2664
37 46 754
37 47 1054
37 48 1852
38 1 514
38 2 1895
38 3 655
38 4 2265
38 5 1531
38 6 739
38 7 492
38 8 329
38 9 290
38 10 2007
38 11 671
38 12 615
38 13 962
38 14 939
38 15 389
38 16 708
38 17 1052
38 18 549
38 19 850
38 20 682
38 21 1173
38 22 592
38 23 708
38 24 1878
38 25 1139
38 26 2305
38 27 1015
38 28 636
38 29 1528
38 30 843
38 31 313
38 32 1391
38 33 469
38 34 1078
38 35 2343
38 36 529
38 37 887
38 38 0
38 39 1286
38 40 361
38 41 1114
38 42 1923
38 43 979
38 44 340
38 45 2437
38 46 474
38 47 928
38 48 1576
39 1 1232
39 2 1141
39 3 943
39 4 1222
39 5 534
39 6 1485
39 7 1372
39 8 1439
39 9 1153
39 10 879
39 11 678
39 12 862
39 13 390
39 14 611
39 15 949
39 16 1157
39 17 1610
39 18 1385
39 19 1532
39 20 829
39 21 382
39 22 1057
39 23 770
39 24 734
39 25 483
39 26 1183
39 27 1580
39 28 1504
39 29 754
39 30 1350
39 31 1357
39 32 255
39 33 1001
39 34 641
39 35 1214
39 36 1312
39 37 1653
39 38 1420
39 39 0
39 40 1030
39 41 1168
39 42 709
39 43 1451
39 44 1329
39 45 1247
39 46 1090
39 47 653
39 48 364
40 1 262
40 2 1623
40 3 397
40 4 1915
40 5 1050
40 6 898
40 7 682
40 8 573
40 9 237
40 10 1775
40 11 342
40 12 439
40 13 636
40 14 698
40 15 196
40 16 638
40 17 1092
40 18 683
40 19 1125
40 20 578
40 21 695
40 22 364
40 23 487
40 24 1644
40 25 667
40 26 1815
40 27 1011
40 28 842
40 29 1238
40 30 1022
40 31 543
40 32 1179
40 33 456
40 34 771
40 35 2058
40 36 795
40 37 910
40 38 449
40 39 1058
40 40 0
40 41 812
40 42 1411
40 43 1112
40 44 610
40 45 2066
40 46 417
40 47 574
40 48 1033
41 1 798
41 2 1070
41 3 476
41 4 1489
41 5 790
41 6 1729
41 7 1582
41 8 940
41 9 954
41 10 1562
41 11 957
41 12 922
41 13 957
41 14 695
41 15 1068
41 16 567
41 17 1847
41 18 1458
41 19 1743
41 20 1210
41 21 1096
41 22 627
41 23 846
41 24 1502
41 25 838
41 26 1554
41 27 1835
41 28 1462
41 29 709
41 30 1766
41 31 1195
41 32 1150
41 33 1063
41 34 496
41 35 1727
41 36 1452
41 37 1803
41 38 1194
41 39 997
41 40 833
41 41 0
41 42 1159
41 43 1857
41 44 1385
41 45 1819
41 46 1098
41 47 1074
41 48 907
42 1 1536
42 2 598
42 3 1201
42 4 631
42 5 449
42 6 2195
42 7 2058
42 8 1776
42 9 1767
42 10 494
42 11 1261
42 12 1519
42 13 1138
42 14 900
42 15 1547
42 16 1459
42 17 2231
42 18 1924
42 19 2156
42 20 1470
42 21 993
42 22 1388
42 23 1175
42 24 407
42 25 955
42 26 569
42 27 2225
42 28 2090
42 29 501
42 30 2123
42 31 2002
42 32 841
42 33 1592
42 34 988
42 35 699
42 36 1868
42 37 2137
42 38 1899
42 39 658
42 40 1530
42 41 1127
42 42 0
42 43 2060
42 44 1916
42 45 745
42 46 1667
42 47 1272
42 48 510
43 1 1176
43 2 2389
43 3 1379
43 4 2717
43 5 1694
43 6 332
43 7 408
43 8 1260
43 9 1022
43 10 2321
43 11 1004
43 12 879
43 13 1079
43 14 1384
43 15 814
43 16 1588
43 17 250
43 18 496
43 19 217
43 20 685
43 21 1100
43 22 1308
43 23 1175
43 24 1985
43 25 1293
43 26 2589
43 27 236
43 28 498
43 29 1912
43 30 170
43 31 709
43 32 1428
43 33 781
43 34 1574
43 35 2471
43 36 530
43 37 212
43 38 851
43 39 1544
43 40 1096
43 41 1675
43 42 2133
43 43 0
43 44 708
43 45 2454
43 46 706
43 47 907
43 48 1672
44 1 619
44 2 2085
44 3 990
44 4 2459
44 5 1541
44 6 520
44 7 280
44 8 793
44 9 507
44 10 2204
44 11 821
44 12 644
44 13 1092
44 14 1176
44 15 420
44 16 948
44 17 636
44 18 231
44 19 605
44 20 629
44 21 1046
44 22 945
44 23 831
44 24 1990
44 25 1162
44 26 2387
44 27 600
44 28 416
44 29 1766
44 30 494
44 31 197
44 32 1483
44 33 420
44 34 1173
44 35 2410
44 36 250
44 37 615
44 38 445
44 39 1441
44 40 539
44 41 1294
44 42 1902
44 43 590
44 44 0
44 45 2434
44 46 423
44 47 757
44 48 1531
45 1 2281
45 2 1127
45 3 1889
45 4 727
45 5 1131
45 6 2498
45 7 2445
45 8 2443
45 9 2350
45 10 594
45 11 1874
45 12 2030
45 13 1591
45 14 1659
45 15 2192
45 16 2056
45 17 2593
45 18 2501
45 19 2532
45 20 1979
45 21 1553
45 22 2056
45 23 1761
45 24 577
45 25 1529
45 26 595
45 27 2553
45 28 2613
45 29 1292
45 30 2555
45 31 2474
45 32 1123
45 33 2106
45 34 1632
45 35 324
45 36 2448
45 37 2712
45 38 2465
45 39 1183
45 40 2151
45 41 1793
45 42 795
45 43 2542
45 44 2526
45 45 0
45 46 2196
45 47 1783
45 48 1001
46 1 584
46 2 1919
46 3 727
46 4 2331
46 5 1424
46 6 610
46 7 491
46 8 761
46 9 514
46 10 1839
46 11 455
46 12 427
46 13 733
46 14 833
46 15 282
46 16 933
46 17 769
46 18 376
46 19 712
46 20 433
46 21 886
46 22 636
46 23 694
46 24 1782
46 25 964
46 26 2210
46 27 748
46 28 583
46 29 1400
46 30 675
46 31 375
46 32 1234
46 33 152
46 34 1078
46 35 2279
46 36 377
46 37 665
46 38 332
46 39 1160
46 40 485
46 41 1090
46 42 1641
46 43 631
46 44 415
46 45 2342
46 46 0
46 47 645
46 48 1281
47 1 856
47 2 1456
47 3 670
47 4 1757
47 5 900
47 6 860
47 7 842
47 8 1110
47 9 831
47 10 1365
47 11 324
47 12 480
47 13 335
47 14 625
47 15 525
47 16 981
47 17 1008
47 18 896
47 19 1082
47 20 250
47 21 274
47 22 802
47 23 470
47 24 1140
47 25 486
47 26 1609
47 27 1062
47 28 832
47 29 1051
47 30 937
47 31 914
47 32 615
47 33 426
47 34 857
47 35 1856
47 36 786
47 37 1087
47 38 955
47 39 560
47 40 646
47 41 1048
47 42 1351
47 43 1035
47 44 809
47 45 1752
47 46 679
47 47 0
47 48 811
48 1 1209
48 2 724
48 3 957
48 4 1012
48 5 248
48 6 1750
48 7 1558
48 8 1373
48 9 1393
48 10 683
48 11 957
48 12 1018
48 13 588
48 14 633
48 15 1190
48 16 1169
48 17 1840
48 18 1656
48 19 1912
48 20 1112
48 21 811
48 22 1188
48 23 873
48 24 590
48 25 428
48 26 984
48 27 1759
48 28 1682
48 29 509
48 30 1743
48 31 1590
48 32 480
48 33 1202
48 34 703
48 35 1134
48 36 1594
48 37 1913
48 38 1515
48 39 346
48 40 1227
48 41 968
48 42 537
48 43 1714
48 44 1616
48 45 1145
48 46 1371
48 47 902
48 48 0